Grid 01
000000010
400000000
020000000
000050407
008000300
001090000
300400200
050100000
000806000
Grid 02
000000010
400000000
020000000
000050604
008000300
001090000
300400200
050100000
000807000
Grid 03
000000012
000035000
000600070
700000300
000400800
100000000
000120000
080000040
050000600
Grid 04
000000012
003600000
000007000
410020000
000500300
700000600
280000040
000300500
000000000
Grid 05
000000012
008030000
000000040
120500000
000004700
060000000
507000300
000620000
000100000
Grid 06
000000012
040050000
000009000
070600400
000100000
000000050
000087500
601000300
200000000
Grid 07
000000012
050400000
000000030
700600400
001000000
000080000
920000800
000510700
000003000
Grid 08
000000012
300000060
000040000
900000500
000001070
020000000
000350400
001400800
060000000
Grid 09
000000012
400090000
000000050
070200000
600000400
000108000
018000000
000030700
502000000
Grid 10
000000012
500008000
000700000
600120000
700000450
000030000
030000800
000500700
020000000
Grid 11
000100038
200005000
000000000
050000400
400030000
000700006
001000050
000060200
060004000
Grid 12 - from norvig
000006000
059000008
200008000
045000000
003000000
006003054
000325006
000000000
000000000
Grid 13 - from norvig, UNSAT
000005080
000601043
000000000
010500000
000106000
300000005
530000061
000000004
000000000
